0 0 _Start
1 1 01_Red Red 55 370 180 120
1 2 02_Red Red 65 390 200 250
1 3 03_Red Red 50 340 150 200
2 4 _Cards
1 5 05_Tea Tea 80 410 230 190
1 6 06_Tea Tea 85 430 210 200
2 7 _Cards
1 8 08_Tea Tea 95 460 240 220
1 9 09_Tea Tea 100 470 250 230
4 10 _Jail_ 100
2 11 _Cards
1 12 12_Ash Ash 65 380 200 160
1 13 13_Ash Ash 70 390 210 170
1 14 14_Ash Ash 75 400 220 180
1 15 15_Ash Ash 80 410 230 190
2 16 _Cards
1 17 17_Sea Sea 70 400 210 170
1 18 18_Sea Sea 75 410 220 180
1 19 19_Sea Sea 80 420 230 190
5 20 _Park_
1 21 21_Sea Sea 85 430 240 200
2 22 _Cards
1 23 23_Sky Sky 90 440 250 210
1 24 24_Sky Sky 95 450 260 220
1 25 25_Sky Sky 100 460 270 230
1 26 26_Sky Sky 105 500 280 240
2 27 _Cards
1 28 28_Jet Jet 100 460 270 230
1 29 29_Jet Jet 105 470 280 240
3 30 GoJail 10
1 31 31_Jet Jet 115 490 300 260
1 32 32_Jet Jet 120 500 310 270
2 33 _Cards
1 34 34_Mud Mud 50 300 150 120
1 35 35_Mud Mud 40 280 125 135
1 36 36_Mud Mud 60 320 170 140
1 37 37_Mud Mud 30 240 100 150
2 38 _Cards
1 39 39_Red Red 60 350 140 190